FR;01;4.71;6.23;598;46.56;45.6;528;ain
FR;02;2.89;4.34;581;50.09;48.83;801;aisne
FR;03;2.27;4.06;594;46.82;45.92;437;allier
FR;04;5.47;6.99;597;44.71;43.66;579;alpes de haute provence
FR;05;5.44;7.14;592;45.17;44.15;493;hautes alpes
FR;06;6.58;7.77;532;44.39;43.45;594;alpes maritimes
FR;07;3.83;4.91;483;45.39;44.22;734;ardeche
FR;08;3.97;5.45;602;50.18;49.22;619;ardennes
FR;09;0.78;2.24;594;43.34;42.54;441;ariege
FR;10;3.33;4.93;598;48.74;47.88;467;aube
FR;11;1.64;3.31;592;43.47;42.63;411;aude
FR;12;1.78;3.53;594;45;43.65;624;aveyron
FR;13;2.5;6.11;593;43.96;43.11;390;bouches du rhone
FR;14;-1.26;0.57;595;49.48;48.7;375;calvados
FR;15;2.06;3.43;610;45.54;44.6;565;cantal
FR;16;-0.49;0.97;599;46.14;45.16;571;charente
FR;17;-1.62;0.07;595;46.94;44.98;700;charente maritime
FR;18;1.74;3.16;614;47.6;46.4;809;cher
FR;19;1.19;2.59;617;45.79;44.91;562;correze
FR;20;8.3;9.8;599;43.09;41.28;1000;corse
FR;21;4;5.56;595;48.05;46.88;663;cote d or
FR;22;-3.75;-1.85;594;48.98;48.01;465;cotes d armor
FR;23;1.32;2.69;596;46.5;45.63;544;creuse
FR;24;-0.11;1.54;597;45.75;44.53;631;dordogne
FR;25;5.64;7.11;598;47.61;46.55;644;doubs
FR;26;4.59;5.86;586;45.39;44.08;816;drome
FR;27;0.25;1.88;599;49.5;48.64;482;eure
FR;28;0.72;2.04;567;48.97;47.94;661;eure et loir
FR;29;-5.18;-3.31;596;48.84;47.7;570;finistere
FR;30;3.23;4.89;594;44.5;43.41;541;gard
FR;31;0.42;2.08;599;43.94;42.65;616;haute garonne
FR;32;-0.38;1.27;593;44.11;43.25;430;gers
FR;33;-1.31;0.37;594;45.6;44.15;719;gironde
FR;34;2.5;4.34;592;44.02;43.15;378;herault
FR;35;-2.35;-0.97;590;48.74;47.61;699;ille et vilaine
FR;36;0.83;2.22;603;47.3;46.33;610;indre
FR;37;0.01;1.41;605;47.71;46.71;633;indre et loire
FR;38;4.61;6.46;595;45.9;44.67;547;isere
FR;39;-1.64;-0.22;459;44.57;43.01;688;jura
FR;40;0.53;2.31;592;48.16;47.17;491;landes
FR;41;0.53;2.33;599;48.16;47.15;500;loir et cher
FR;42;3.64;4.84;543;46.35;45.22;699;loire
FR;43;3.07;4.55;597;45.43;44.72;399;haute loire
FR;44;-2.57;-0.9;594;47.86;46.84;531;loire atlantique
FR;45;1.49;3.15;597;48.37;47.46;471;loiret
FR;46;0.94;2.27;598;45.07;44.16;577;lot
FR;47;-0.18;1.15;605;44.78;43.95;532;lot et garonne
FR;48;2.93;4.08;524;44.99;44.07;569;lozere
FR;49;-1.39;0.3;595;47.84;46.95;479;maine et loire
FR;50;-2.06;-0.66;541;49.8;48.42;882;manche
FR;51;3.35;5.08;599;49.44;48.5;498;marne
FR;52;4.6;5.96;587;48.72;47.55;732;haute marne
FR;53;-1.27;-0.02;552;48.56;47.72;554;mayenne
FR;54;5.36;7.19;593;49.62;48.32;607;meurthe et moselle
FR;55;4.82;5.97;447;49.65;48.38;801;meuse
FR;56;-3.75;-2;594;48.22;47.25;517;morbihan
FR;57;5.83;7.7;599;49.55;48.51;489;moselle
FR;58;2.79;4.25;595;47.6;46.64;584;nievre
FR;59;1.99;4.35;601;51.18;49.94;481;nord
FR;60;1.59;3.23;598;49.8;49.03;432;oise
FR;61;-0.92;1.02;598;48.98;48.16;400;orne
FR;62;1.38;3.2;600;51.03;50;512;pas de calais
FR;63;2.34;4.05;595;46.28;45.25;500;puy de dome
FR;64;-1.89;0.06;592;43.64;42.75;369;pyrenees atlantiques
FR;65;-0.34;0.71;503;43.64;42.65;633;hautes pyrenees
FR;66;1.68;3.21;593;42.94;42.3;333;pyrenees orientales
FR;67;6.91;8.29;568;49.06;48.11;619;bas rhin
FR;68;6.78;7.7;404;48.34;47.4;591;haut rhin
FR;69;4.22;5.23;445;46.33;45.43;555;rhone
FR;70;5.32;6.86;594;48.03;47.23;470;haute saone
FR;71;3.61;5.51;595;47.18;46.13;471;saone et loire
FR;72;-0.49;1;599;48.51;47.54;581;sarthe
FR;73;5.58;7.26;596;45.97;45.02;462;savoie
FR;74;5.73;7.11;602;46.44;45.66;516;haute savoie
FR;75;2.2;2.48;443;48.9;48.8;269;paris
FR;76;-0.16;1.84;595;50.1;49.22;388;seine maritime
FR;77;2.36;3.61;523;49.14;48.1;654;seine et marne
FR;78;1.41;2.27;599;49.1;48.43;741;yvelines
FR;79;-1.05;0.3;517;47.13;45.93;753;deux sevres
FR;80;1.18;3.3;592;50.43;49.54;388;somme
FR;81;1.53;2.98;600;44.2;43.37;475;tarn
FR;82;0.64;2.08;599;44.42;43.75;409;tarn et garonne
FR;83;5.61;7;596;43.83;42.95;519;var
FR;84;4.6;5.8;562;44.45;43.63;501;vaucluse
FR;85;-2.47;-0.48;596;47.1;46.25;372;vendee
FR;86;-0.18;1.29;620;47.22;46.06;734;vienne
FR;87;0.6;1.93;598;46.42;45.42;637;haute vienne
FR;88;5.36;7.27;594;48.56;47.77;374;vosges
FR;89;2.79;4.4;594;48.43;47.28;620;yonne
FR;90;6.72;7.15;382;47.85;47.42;517;terr. de belfort
FR;91;1.89;2.61;620;48.8;48.27;665;essonne
FR;92;2.12;2.36;456;48.96;48.72;611;hauts de seine
FR;93;2.29;2.61;583;49.02;48.8;569;seine st denis
FR;94;2.28;2.63;559;48.86;48.69;465;val de marne
FR;95;1.56;2.62;595;49.26;48.9;315;val d oise
US;AK;-221.88;-111.11;595;75.78;47.3;499;alaska
US;AL;-88.56;-84.52;522;35.09;30.17;758;alabama
US;AR;-94.7;-89.78;603;35.56;33.02;552;arkansas
US;AZ;-115.06;-108.82;598;37.12;31.23;687;arizona
US;CA;-124.63;-114;598;42.25;32.38;680;california
US;CO;-109.23;-101.84;595;41.15;36.78;466;colorado
US;CT;-73.74;-71.77;594;42.09;40.96;455;connecticut
US;DE;-75.85;-74.88;404;39.86;38.42;798;delaware
US;FL;-87.75;-79.28;600;31.13;24.5;532;florida
US;GA;-85.66;-80.85;596;35.06;30.32;700;georgia
US;IA;-96.68;-90.06;592;43.6;40.3;399;iowa
US;ID;-117.51;-110.78;542;49.1;41.87;802;idaho
US;IL;-91.79;-87.02;502;42.61;36.9;795;illinois
US;IN;-88.22;-84.69;528;41.82;37.72;796;indiana
US;KS;-102.13;-94.55;602;40.11;36.89;325;kansas
US;KY;-89.71;-81.84;592;39.29;36.38;279;kentucky
US;LA;-94.24;-88.92;595;33.09;28.92;555;louisiana
US;MA;-73.56;-69.91;593;42.92;41.21;377;massachusetts
US;MD;-79.53;-75.04;592;39.78;37.76;346;maryland
US;ME;-71.26;-66.63;579;47.51;43.03;791;maine
US;MI;-90.49;-81.67;596;48.23;41.57;643;michigan
US;MN;-97.62;-89.52;593;49.37;43.4;653;minnesota
US;MO;-95.24;-88.84;595;41.31;35.92;508;missouri
US;MS;-91.83;-88;516;35.06;30.14;786;mississippi
US;MT;-116.21;-103.67;595;49.14;44.26;351;montana
US;NC;-84.43;-75.41;592;36.72;33.78;241;north carolina
US;ND;-104.18;-96.47;592;49.1;45.85;362;north dakota
US;NE;-104.16;-95.26;594;43.15;39.92;291;nebraska
US;NH;-72.64;-70.45;470;45.32;42.7;794;new hampshire
US;NJ;-75.68;-73.76;464;41.35;39.05;794;new jersey
US;NM;-109.24;-102.91;593;37.11;31.26;661;new mexico
US;NV;-121.04;-113.78;614;42.12;34.95;786;nevada
US;NY;-79.82;-71.81;593;45.06;40.24;477;new york
US;OH;-84.98;-80.46;598;42.04;38.37;648;ohio
US;OK;-103.09;-94.34;595;37.21;33.53;316;oklahoma
US;OR;-124.62;-116.55;593;46.37;41.69;473;oregon
US;PA;-80.65;-74.73;595;42.33;39.64;364;pennsylvania
US;RI;-71.91;-71.1;534;42.03;41.29;660;rhode island
US;SC;-83.41;-78.51;595;35.26;32.03;485;south carolina
US;SD;-104.16;-96.24;595;46.15;42.45;389;south dakota
US;TN;-90.43;-81.6;593;36.7;34.93;154;tennessee
US;TX;-107.38;-93.08;598;36.64;25.54;534;texas
US;UT;-114.3;-108.91;599;42.06;36.94;748;utah
US;VA;-83.77;-75.17;591;39.53;36.46;269;virginia
US;VT;-73.51;-71.45;504;45.05;42.71;794;vermont
US;WA;-124.79;-116.77;591;49.07;45.46;385;washington
US;WI;-93.05;-86.69;598;47.12;42.45;627;wisconsin
US;WV;-82.85;-77.42;594;40.66;37.17;506;west virginia
US;WY;-111.22;-103.94;594;45.1;40.78;482;wyoming
US;US;-124.45;-66.69;570;50.16;23.83;343;etats unis
